[  6.44012410e-06,   1.05955354e-05,   1.63328976e-05, 2.37162280e-05,                                                                                                                                                                         
   3.26401704e-05,   4.33115980e-05,   5.58818488e-05,   6.98710162e-05,                                                                                                                                                                         
   8.56864181e-05,   1.02718595e-04,   1.21579418e-04,   1.41804693e-04,                                                                                                                                                                         
   1.63125138e-04,   1.86692528e-04,   2.11334641e-04,   2.37133351e-04,                                                                                                                                                                         
   2.63671698e-04,   2.90718523e-04,   3.17889186e-04,   3.45064046e-04,                                                                                                                                                                         
   3.71859533e-04,  3.98021901e-04,   4.21902146e-04,   4.43423303e-04,                                                                                                                                                                         
   4.61039761e-04,   4.73895277e-04,   4.82230028e-04,   4.83285555e-04]   

Calculating DD...                                                                                                                                  
 DD=                                                                                                                                               
[  1.27076604e-05   2.07741100e-05   3.17595528e-05   4.57641665e-05                                                                               
   6.26193811e-05   8.26434974e-05   1.06042317e-04   1.31956920e-04                                                                               
   1.61260957e-04   1.92733370e-04   2.28156463e-04   2.66191409e-04                                                                               
   3.06139196e-04   3.51415778e-04   3.98776806e-04   4.49499680e-04                                                                               
   5.03206369e-04   5.58568401e-04   6.16193270e-04   6.76104460e-04                                                                               
   7.40003920e-04   8.06803265e-04   8.73876091e-04   9.43302022e-04                                                                               
   1.01505418e-03   1.08750777e-03   1.16304632e-03   1.24250521e-03] 


both data expecting 0s got the following instead

Two-point correlation=                                                                                                                                                                                                                       
(array([  0.00000000e+00,  -8.42665858e-06,   0.00000000e+00,                                                                                                                                                                                
         0.00000000e+00,  -2.73543177e-06,  -2.06145613e-06,                                                                                                                                                                                 
         1.11841990e-05,   5.11138997e-06,   2.08395635e-06,                                                                                                                                                                                 
        -6.08434290e-06,   1.17488622e-05,   6.29505687e-06,                                                                                                                                                                                 
        -7.66000939e-05,  -1.24747697e-04,  -5.86641704e-05,                                                                                                                                                                                 
        -1.42469527e-04,  -1.40855347e-04,  -3.59550754e-04,                                                                                                                                                                                 
        -5.47699912e-04,  -1.02639202e-03,  -1.93571799e-03,                                                                                                                                                                                 
        -2.61638552e-03,  -3.61647160e-03,  -4.89529669e-03,                                                                                                                                                                                 
        -6.43841065e-03,  -8.28954795e-03,  -1.08742262e-02,                                                                                                                                                                                 
        -1.42704603e-02,  -1.85393179e-02]), array([ 0.00372342,  0.00290285,  0.00233807,  0.00194029,  0.00165391,                                                                                                                         
        0.00143577,  0.00126403,  0.00113042,  0.00102078,  0.0009323 ,                                                                                                                                                                      
        0.00085693,  0.00079342,  0.00073963,  0.00069126,  0.00064961,                                                                                                                                                                      
        0.00061303,  0.00058111,  0.00055297,  0.00052833,  0.00050635,                                                                                                                                                                      
        0.00048671,  0.00046943,  0.00045467,  0.00044186,  0.00043139,                                                                                                                                                                      
        0.00042315,  0.00041662,  0.00041279,  0.00041135]))                           

DD=[   72130.   118671.   182930.   265624.   365573.   485094.   625883.
   782566.   959713.  1150494.  1361834.  1588548.  1827674.  2092223.
  2369419.  2660218.  2960484.  3267967.  3578602.  3892275.  4205158.
  4514243.  4802471.  5071807.  5304570.  5492700.  5636539.  5702479.
  5692820.]

DR= [   72130.    118671.5   182930.    265624.    365573.5   485094.5
   625879.5   782564.    959712.   1150497.5  1361826.   1588543.   1827744.
  2092353.5  2369488.5  2660407.5  2960692.5  3268554.5  3579582.
  3894272.5  4209228.   4520148.5  4811155.   5084221.   5321646.5
  5515466.   5667185.5  5743167.5  5745590.5]

RR=[   72130.   118671.   182930.   265624.   365573.   485094.   625883.
   782566.   959713.  1150494.  1361834.  1588548.  1827674.  2092223.
  2369419.  2660218.  2960484.  3267967.  3578602.  3892275.  4205158.
  4514243.  4802471.  5071807.  5304570.  5492700.  5636539.  5702479.
  5692820.]

Using Landy-Szalay estimator
Calculating Poisson error
Two-point correlation=
(array([  0.00000000e+00,  -8.42665858e-06,   0.00000000e+00,
         0.00000000e+00,  -2.73543177e-06,  -2.06145613e-06,
         1.11841990e-05,   5.11138997e-06,   2.08395635e-06,
        -6.08434290e-06,   1.17488622e-05,   6.29505687e-06,
        -7.66000939e-05,  -1.24747697e-04,  -5.86641704e-05,
        -1.42469527e-04,  -1.40855347e-04,  -3.59550754e-04,
        -5.47699912e-04,  -1.02639202e-03,  -1.93571799e-03,
        -2.61638552e-03,  -3.61647160e-03,  -4.89529669e-03,
        -6.43841065e-03,  -8.28954795e-03,  -1.08742262e-02,
        -1.42704603e-02,  -1.85393179e-02]), array([ 0.00372342,  0.00290285,  0.00233807,  0.00194029,  0.00165391,
        0.00143577,  0.00126403,  0.00113042,  0.00102078,  0.0009323 ,
        0.00085693,  0.00079342,  0.00073963,  0.00069126,  0.00064961,
        0.00061303,  0.00058111,  0.00055297,  0.00052833,  0.00050635,
        0.00048671,  0.00046943,  0.00045467,  0.00044186,  0.00043139,
        0.00042315,  0.00041662,  0.00041279,  0.00041135]))
CPU times: user 53.3 s, sys: 4.01 s, total: 57.3 s
Wall time: 3min 32s

after changing j>i to j>=i

DD=[   72130.   118671.   182930.   265624.   365573.   485094.   625883.
   782566.   959713.  1150494.  1361834.  1588548.  1827674.  2092223.
  2369419.  2660218.  2960484.  3267967.  3578602.  3892275.  4205158.
  4514243.  4802471.  5071807.  5304570.  5492700.  5636539.  5702479.
  5692820.]



DR=[   72130.    118671.5   182930.    265624.    365573.5   485094.5
   625879.5   782564.    959712.   1150497.5  1361826.   1588543.   1827744.
  2092353.5  2369488.5  2660407.5  2960692.5  3268554.5  3579582.
  3894272.5  4209228.   4520148.5  4811155.   5084221.   5321646.5
  5515466.   5667185.5  5743167.5  5745590.5]



RR=[   72130.   118671.   182930.   265624.   365573.   485094.   625883.
   782566.   959713.  1150494.  1361834.  1588548.  1827674.  2092223.
  2369419.  2660218.  2960484.  3267967.  3578602.  3892275.  4205158.
  4514243.  4802471.  5071807.  5304570.  5492700.  5636539.  5702479.
  5692820.]
Using Landy-Szalay estimator
Calculating Poisson error
Two-point correlation=
(array([  0.00000000e+00,  -8.42665858e-06,   0.00000000e+00,
         0.00000000e+00,  -2.73543177e-06,  -2.06145613e-06,
         1.11841990e-05,   5.11138997e-06,   2.08395635e-06,
        -6.08434290e-06,   1.17488622e-05,   6.29505687e-06,
        -7.66000939e-05,  -1.24747697e-04,  -5.86641704e-05,
        -1.42469527e-04,  -1.40855347e-04,  -3.59550754e-04,
        -5.47699912e-04,  -1.02639202e-03,  -1.93571799e-03,
        -2.61638552e-03,  -3.61647160e-03,  -4.89529669e-03,
        -6.43841065e-03,  -8.28954795e-03,  -1.08742262e-02,
        -1.42704603e-02,  -1.85393179e-02]), array([ 0.00372342,  0.00290285,  0.00233807,  0.00194029,  0.00165391,
        0.00143577,  0.00126403,  0.00113042,  0.00102078,  0.0009323 ,
        0.00085693,  0.00079342,  0.00073963,  0.00069126,  0.00064961,
        0.00061303,  0.00058111,  0.00055297,  0.00052833,  0.00050635,
        0.00048671,  0.00046943,  0.00045467,  0.00044186,  0.00043139,
        0.00042315,  0.00041662,  0.00041279,  0.00041135]))
CPU times: user 53.8 s, sys: 4.08 s, total: 57.9 s
Wall time: 3min 28s


-----------------------------

DR7 def random eq weights

DD=[   72130.   118671.   182930.   265624.   365573.   485094.   625883.
   782566.   959713.  1150494.  1361834.  1588548.  1827674.  2092223.
  2369419.  2660218.  2960484.  3267967.  3578602.  3892275.  4205158.
  4514243.  4802471.  5071807.  5304570.  5492700.  5636539.  5702479.
  5692820.]

DR=[   421854.5   1127062.5   2158796.    3503367.5   5151818.5   7092669.
   9320234.   11828398.   14615660.5  17668308.5  20977400.5  24548481.
  28362264.   32413144.   36677110.   41150140.5  45791260.5  50581953.5
  55455654.5  60379070.   65282007.5  70062798.5  74635277.5  78894024.
  82656716.   85773873.5  88009443.5  89249351.5  89356248.5]

RR=[  6.61066500e+06   1.76634370e+07   3.38236200e+07   5.48896520e+07
   8.06516170e+07   1.10976059e+08   1.45710179e+08   1.84847460e+08
   2.28282103e+08   2.75923597e+08   3.27653457e+08   3.83412479e+08
   4.43039702e+08   5.06418097e+08   5.73517465e+08   6.44129813e+08
   7.18052192e+08   7.94731329e+08   8.73447086e+08   9.52920648e+08
   1.03092167e+09   1.10470617e+09   1.17130825e+09   1.22735264e+09
   1.26758447e+09   1.28331073e+09   1.26064107e+09   1.18029867e+09
   1.02785814e+09]
Using Landy-Szalay estimator
Calculating Poisson error
Two-point correlation=
(array([  1.69264264e+00,   6.55156247e-01,   3.30356716e-01,
         1.89483852e-01,   1.11997083e-01,   7.09270134e-02,
         5.05242777e-02,   3.44104672e-02,   2.60206372e-02,
         1.72167610e-02,   1.42494192e-02,   1.08973597e-02,
         6.75156508e-03,   8.66382855e-03,   1.03402934e-02,
         1.20702684e-02,   1.39037269e-02,   1.51361147e-02,
         1.63486057e-02,   1.72896025e-02,   1.71185252e-02,
         1.58474833e-02,   9.88265200e-03,   2.30052549e-04,
        -1.59889219e-02,  -4.36822866e-02,  -9.00081931e-02,
        -1.83430745e-01,  -3.64542165e-01]), array([ 0.01002584,  0.0048047 ,  0.00311047,  0.00230794,  0.00183915,
        0.00153761,  0.00132788,  0.00116932,  0.00104733,  0.00094836,
        0.00086913,  0.00080206,  0.00074469,  0.00069734,  0.00065637,
        0.00062051,  0.00058927,  0.00056155,  0.00053726,  0.00051564,
        0.000496  ,  0.00047812,  0.00046083,  0.00044414,  0.00042724,
        0.00040805,  0.00038329,  0.00034195,  0.00026633]))
CPU times: user 7min, sys: 22.2 s, total: 7min 22s
Wall time: 1h 46min 37s

----------------
Only data
[   72130.   118671.   182930.   265624.   365573.   485094.   625883.
   782566.   959713.  1150494.  1361834.  1588548.  1827674.  2092223.
  2369419.  2660218.  2960484.  3267967.  3578602.  3892275.  4205158.
  4514243.  4802471.  5071807.  5304570.  5492700.  5636539.  5702479.
  5692820.]

DR=[   72130.    118671.5   182930.    265624.    365573.5   485094.5
   625879.5   782564.    959712.   1150497.5  1361826.   1588543.   1827744.
  2092353.5  2369488.5  2660407.5  2960692.5  3268554.5  3579582.
  3894272.5  4209228.   4520148.5  4811155.   5084221.   5321646.5
  5515466.   5667185.5  5743167.5  5745590.5]

[   72130.    118671.5   182930.    265624.    365573.5   485094.5
   625879.5   782564.    959712.   1150497.5  1361826.   1588543.   1827744.
  2092353.5  2369488.5  2660407.5  2960692.5  3268554.5  3579582.
  3894272.5  4209228.   4520148.5  4811155.   5084221.   5321646.5
  5515466.   5667185.5  5743167.5  5745590.5]
Using Davis-Peebles estimator
Calculating Poisson error
Two-point correlation=
(array([  0.00000000e+00,  -4.21331154e-06,   0.00000000e+00,
         0.00000000e+00,  -1.36771402e-06,  -1.03072700e-06,
         5.59213075e-06,   2.55570151e-06,   1.04197926e-06,
        -3.04216220e-06,   5.87446561e-06,   3.14753834e-06,
        -3.82985801e-05,  -6.23699580e-05,  -2.93312249e-05,
        -7.12296894e-05,  -7.04227136e-05,  -1.79743064e-04,
        -2.73774983e-04,  -5.12932775e-04,  -9.66923151e-04,
        -1.30648363e-03,  -1.80497199e-03,  -2.44167199e-03,
        -3.20887530e-03,  -4.12766573e-03,  -5.40771076e-03,
        -7.08467932e-03,  -9.18452159e-03]), array([ 0.00372342,  0.00290286,  0.00233807,  0.00194029,  0.00165391,
        0.00143578,  0.00126403,  0.00113042,  0.00102077,  0.0009323 ,
        0.00085692,  0.00079342,  0.00073966,  0.0006913 ,  0.00064963,
        0.00061307,  0.00058115,  0.00055307,  0.00052847,  0.00050661,
        0.00048718,  0.00047005,  0.00045549,  0.00044295,  0.00043279,
        0.00042492,  0.00041893,  0.0004158 ,  0.00041527]))
CPU times: user 53.7 s, sys: 3.65 s, total: 57.3 s
Wall time: 2min 47s

--------------------------------------------
DD=[   72130.   118671.   182930.   265624.   365573.   485094.   625883.
   782566.   959713.  1150494.  1361834.  1588548.  1827674.  2092223.
  2369419.  2660218.  2960484.  3267967.  3578602.  3892275.  4205158.
  4514243.  4802471.  5071807.  5304570.  5492700.  5636539.  5702479.
  5692820.]

DR=[   421854.5   1127063.5   2158802.5   3503394.5   5151883.5   7092774.5
   9320411.   11828706.5  14616134.   17669287.   20980061.5  24555284.5
  28378307.5  32447714.5  36747415.5  41282347.5  46024476.   50953986.5
  55998386.   61102743.5  66131728.   70876012.   75160012.   78787352.
  81381867.   82415422.5  80962672.5  75787702.5  65965313. ]

Using Davis-Peebles estimator
Calculating Poisson error
Two-point correlation=
(array([  1.68992864e+00,   6.56470592e-01,   3.33090199e-01,
         1.92794923e-01,   1.16337702e-01,   7.59628183e-02,
         5.64418699e-02,   4.08094643e-02,   3.29906133e-02,
         2.43605545e-02,   2.11861811e-02,   1.77541578e-02,
         1.32106751e-02,   1.44049818e-02,   1.43844432e-02,
         1.37721491e-02,   1.19554159e-02,   8.99033945e-03,
         5.36880100e-03,   2.14443654e-03,   3.68391079e-04,
         2.01257928e-03,   5.22995956e-03,   1.27301227e-02,
         2.54395162e-02,   4.84914744e-02,   9.52548736e-02,
         1.83729488e-01,   3.57685995e-01]), array([ 0.01001573,  0.00480852,  0.00311686,  0.00231437,  0.00184633,
        0.00154484,  0.00133536,  0.00117655,  0.00105445,  0.00095502,
        0.00087507,  0.0008075 ,  0.00074946,  0.00070131,  0.00065899,
        0.00062156,  0.00058814,  0.00055815,  0.00053146,  0.00050796,
        0.00048783,  0.00047161,  0.0004587 ,  0.00044969,  0.00044523,
        0.00044738,  0.00046133,  0.0004957 ,  0.00056903]))
CPU times: user 7min 3s, sys: 21 s, total: 7min 24s
Wall time: 16min 56s

